0.01,6.23320473569,4
0.02,6.10192632351,4
0.03,5.62583054778,4
0.04,6.20076385651,4
0.05,6.18775562856,4
0.06,5.60714963591,4
0.07,5.92814790744,4
0.08,6.32437158397,4
0.09,6.3525508013,4
0.1,5.59872680958,4
0.11,5.77896494577,4
0.12,6.54530454246,4
0.13,5.88562189587,4
0.14,5.97150063559,4
0.15,5.55519863219,4
0.16,5.76053789659,4
0.17,6.14001740957,4
0.18,6.14865079788,4
0.19,5.74492038651,4
0.2,6.08872293546,4
0.21,5.88426048509,4
0.22,5.53292347735,4
0.23,5.71167623083,4
0.24,6.01215714283,4
0.25,5.89958539527,4
0.26,5.63819118073,4
0.27,5.44621004229,4
0.28,5.59456342336,4
0.29,6.19850549054,4
0.3,5.60603238167,4
0.31,5.63851004338,4
0.32,5.61008991223,4
0.33,5.91548044407,4
0.34,5.23353882711,4
0.35,5.40875180615,4
0.36,5.77385644471,4
0.37,5.42580160343,4
0.38,5.28103319639,4
0.39,5.52925818404,4
0.4,5.72724899209,4
0.41,5.12929003215,4
0.42,6.18486116382,4
0.43,5.31250428413,4
0.44,5.7788577178,4
0.45,5.21210214558,4
0.46,5.53395256247,4
0.47,5.60349276193,4
0.48,5.91157350481,4
0.49,5.4953055891,4
0.5,5.49900283245,4
0.51,5.36068243433,4
0.52,5.53784870611,4
0.53,5.23071110141,4
0.54,5.77701401797,4
0.55,5.609128555,4
0.56,5.81539873416,4
0.57,5.4703420331,4
0.58,6.03776159732,4
0.59,5.43918409206,4
0.6,5.34804859365,4
0.61,5.80855053601,4
0.62,5.06267784139,4
0.63,5.40875509148,4
0.64,5.20315868431,4
0.65,5.03070877142,4
0.66,5.10464156471,4
0.67,5.46395174688,4
0.68,5.13994268811,4
0.69,5.61074908059,4
0.7,5.71548863533,4
0.71,4.85877627781,4
0.72,5.39397583732,4
0.73,5.43356434368,4
0.74,5.09018707357,4
0.75,5.00526098465,4
0.76,5.18312676303,4
0.77,5.6606569848,4
0.78,5.31241032785,4
0.79,5.25305002172,4
0.8,5.53075725078,4
0.81,5.68452148625,4
0.82,4.61645679805,4
0.83,5.31830864523,4
0.84,5.38011544691,4
0.85,5.18870622128,4
0.86,5.62048726406,4
0.87,5.22088423832,4
0.88,5.40371394472,4
0.89,5.74445867513,4
0.9,4.66531962873,4
0.91,5.32946854188,4
0.92,5.04157161379,4
0.93,5.12387943335,4
0.94,5.34701010709,4
0.95,5.58059771252,4
0.96,5.4240627462,4
0.97,4.89779949423,4
0.98,4.77445302681,4
0.99,5.14713794597,4
1.0,5.07940420382,4
1.01,4.33841390475,4
1.02,4.94140000328,4
1.03,5.00385514076,4
1.04,5.36309214707,4
1.05,4.90634565756,4
1.06,4.86401804341,4
1.07,4.63461166932,4
1.08,5.18226471773,4
1.09,4.90817719322,4
1.1,4.81703381187,4
1.11,4.95718421771,4
1.12,4.44238738142,4
1.13,4.60324218938,4
1.14,5.1894081278,4
1.15,4.95459144007,4
1.16,4.85271569259,4
1.17,4.45988863798,4
1.18,5.07065435118,4
1.19,4.73797407096,4
1.2,4.87085941357,4
1.21,4.9713263402,4
1.22,4.66536321833,4
1.23,5.23349076686,4
1.24,5.15379535851,4
1.25,4.86596678044,4
1.26,4.84990921573,4
1.27,4.54791934091,4
1.28,4.67382355917,4
1.29,4.53699665397,4
1.3,5.0238913596,4
1.31,4.26375826112,4
1.32,4.75109640456,4
1.33,4.57039677866,4
1.34,4.69862615043,4
1.35,4.59324618336,4
1.36,4.54434250889,4
1.37,5.1421948638,4
1.38,4.82657241511,4
1.39,4.04241601522,4
1.4,4.25747011026,4
1.41,4.77032693854,4
1.42,4.39087341093,4
1.43,4.56059015576,4
1.44,4.31736777005,4
1.45,4.39902002679,4
1.46,4.62597168845,4
1.47,3.95785884587,4
1.48,4.89976275515,4
1.49,4.35935809352,4
1.5,4.50896254697,4
1.51,4.61084370889,4
1.52,4.32537122634,4
1.53,4.36770607121,4
1.54,4.25553589984,4
1.55,4.59328346231,4
1.56,4.40542140995,4
1.57,4.31238307223,4
1.58,4.22729058805,4
1.59,4.1658422858,4
1.6,4.28340450712,4
1.61,4.5149648965,4
1.62,3.98030726327,4
1.63,4.10422408982,4
1.64,4.03587970458,4
1.65,4.91699999692,4
1.66,4.70844936443,4
1.67,4.58352521468,4
1.68,4.24449714378,4
1.69,4.28821556771,4
1.7,4.1919840041,4
1.71,4.23568825339,4
1.72,4.62736965858,4
1.73,4.57136828553,4
1.74,4.87234410252,4
1.75,4.08720611978,4
1.76,4.6944466164,4
1.77,3.98794963572,4
1.78,3.67828891809,4
1.79,4.02477249041,4
1.8,4.19327520525,4
1.81,3.79642308898,4
1.82,4.16418789258,4
1.83,4.05772311503,4
1.84,4.30081973094,4
1.85,3.90474245216,4
1.86,4.08399733385,4
1.87,4.09576827577,4
1.88,4.44570621234,4
1.89,4.07106283186,4
1.9,4.72776881275,4
1.91,3.84224909086,4
1.92,4.14733002111,4
1.93,3.43275700328,4
1.94,4.43079035275,4
1.95,4.74396597196,4
1.96,4.14814027084,4
1.97,4.35966587991,4
1.98,3.89227748432,4
1.99,4.13968428212,4
2.0,3.72301348632,4
2.01,4.40577590452,4
2.02,3.9196593065,4
2.03,4.40357736729,4
2.04,4.51613679115,4
2.05,4.12181149845,4
2.06,3.83107141448,4
2.07,3.93368852675,4
2.08,3.46333569677,4
2.09,4.03585847992,4
2.1,3.75070813873,4
2.11,3.8062783075,4
2.12,3.44283206274,4
2.13,3.31790049974,4
2.14,4.39934729816,4
2.15,4.17648862646,4
2.16,4.26553775885,4
2.17,3.78063468319,4
2.18,3.65685049533,4
2.19,4.07451994172,4
2.2,4.36727426728,4
2.21,4.32304994733,4
2.22,3.27062159416,4
2.23,3.18771977047,4
2.24,3.52254394016,4
2.25,3.65193312496,4
2.26,3.67045901023,4
2.27,3.73702890822,4
2.28,3.68544235744,4
2.29,4.13930574579,4
2.3,3.91421642966,4
2.31,3.68163712112,4
2.32,3.48948737978,4
2.33,3.42348291247,4
2.34,4.03105367635,4
2.35,3.8148498514,4
2.36,3.4712529348,4
2.37,3.40772572593,4
2.38,3.55261791403,4
2.39,3.09550865521,4
2.4,3.45040883781,4
2.41,3.91830595969,4
2.42,3.66491523303,4
2.43,3.31192356283,4
2.44,3.17125174016,4
2.45,3.78748830715,4
2.46,3.68551103916,4
2.47,3.84417302711,4
2.48,3.65989507458,4
2.49,3.10872878749,4
2.5,3.42147954901,4
2.51,2.99738485502,4
2.52,3.26339884795,4
2.53,3.49850955912,4
2.54,3.48761736584,4
2.55,3.45923291895,4
2.56,3.49726002055,4
2.57,3.13596055178,4
2.58,4.09636463054,4
2.59,3.20010532343,4
2.6,3.78058098003,4
2.61,3.5562384465,4
2.62,3.25769268501,4
2.63,3.13098785757,4
2.64,3.48975254987,4
2.65,4.36439046213,4
2.66,3.5611007998,4
2.67,3.25262654198,4
2.68,2.86976017791,4
2.69,3.47009753066,4
2.7,2.67037411238,4
2.71,3.65197917517,4
2.72,3.45807709169,4
2.73,3.21202967108,4
2.74,3.35392915075,4
2.75,3.33829840828,4
2.76,3.2586183782,4
2.77,3.03068430773,4
2.78,3.51824400419,4
2.79,3.2643471763,4
2.8,3.05167891978,4
2.81,3.22353148646,4
2.82,3.54968171099,4
2.83,3.22919698018,4
2.84,3.13897904925,4
2.85,3.66388286372,4
2.86,2.53877233825,4
2.87,2.44462208299,4
2.88,2.35270032743,4
2.89,2.91274169526,4
2.9,3.0388142799,4
2.91,3.05178018586,4
2.92,2.95461711386,4
2.93,3.00726763554,4
2.94,3.04239364793,4
2.95,3.08271549617,4
2.96,3.28505520998,4
2.97,3.01319641725,4
2.98,2.38928493607,4
2.99,2.60374676734,4
3.0,3.44740601448,4
3.01,3.20680833039,4
3.02,2.95535316444,4
3.03,3.36237208783,4
3.04,3.50905435081,4
3.05,3.41579107328,4
3.06,2.7121180229,4
3.07,2.49425637715,4
3.08,3.13774358718,4
3.09,2.20636281644,4
3.1,3.09854517552,4
3.11,2.58890214471,4
3.12,3.02758307959,4
3.13,2.81724789853,4
3.14,2.34901699268,4
3.15,2.8960975413,4
3.16,2.89115928585,4
3.17,3.67373062819,4
3.18,2.60335649919,4
3.19,2.74927524927,4
3.2,2.82951978346,4
3.21,2.29700906032,4
3.22,2.51302996238,4
3.23,2.4624270753,4
3.24,3.07739454044,4
3.25,2.24779899173,4
3.26,3.11721161941,4
3.27,2.48655895116,4
3.28,2.23548034588,4
3.29,2.33790688622,4
3.3,2.31121680256,4
3.31,2.33714688916,4
3.32,2.41667837739,4
3.33,2.55876971243,4
3.34,3.01583552365,4
3.35,2.33562244523,4
3.36,1.81124047054,4
3.37,2.51000165275,4
3.38,2.84829093339,4
3.39,2.51844922132,4
3.4,2.4390550195,4
3.41,2.81128539246,4
3.42,2.68433143797,4
3.43,2.57616331595,4
3.44,2.55603765194,4
3.45,2.41148113213,4
3.46,2.85630790253,4
3.47,2.52840167131,4
3.48,3.0588468568,4
3.49,2.1352003381,4
3.5,2.29347389851,4
3.51,1.99794527508,4
3.52,2.59752996304,4
3.53,2.50081798123,4
3.54,2.29387824929,4
3.55,2.49590627185,4
3.56,2.36227285654,4
3.57,2.17884657252,4
3.58,2.41803910073,4
3.59,2.15484409199,4
3.6,2.11576981112,4
3.61,2.74947946102,4
3.62,2.31748016409,4
3.63,1.84066372413,4
3.64,2.31894270438,4
3.65,2.52018899419,4
3.66,1.87055798687,4
3.67,2.25816071818,4
3.68,2.33481775557,4
3.69,2.63388346093,4
3.7,2.39100001385,4
3.71,2.29666745585,4
3.72,2.21786344314,4
3.73,2.5216483415,4
3.74,2.43920761552,4
3.75,1.76314500798,4
3.76,2.12877575768,4
3.77,2.7340681054,4
3.78,1.65371037624,4
3.79,2.21336673354,4
3.8,1.7436403764,4
3.81,2.00190369325,4
3.82,3.00852609275,4
3.83,2.50114084164,4
3.84,1.56209848746,4
3.85,1.80791175843,4
3.86,1.67774702349,4
3.87,1.82744863634,4
3.88,1.79687677639,4
3.89,2.34633847831,4
3.9,1.86206269546,4
3.91,2.34461799513,4
3.92,2.09316418477,4
3.93,1.88164015136,4
3.94,1.65481403707,4
3.95,2.07451742895,4
3.96,1.67622116978,4
3.97,2.44902202432,4
3.98,1.90188046665,4
3.99,2.11677489763,4
4.0,2.41629394324,4
4.01,1.74688733958,-4
4.02,1.75355091746,-4
4.03,1.90732963916,-4
4.04,2.0691547456,-4
4.05,1.7420032646,-4
4.06,2.07408158906,-4
4.07,2.16306267748,-4
4.08,1.77279546238,-4
4.09,2.0632361644,-4
4.1,2.13415919641,-4
4.11,2.56998642152,-4
4.12,1.9709631627,-4
4.13,1.04191250952,-4
4.14,2.1991026091,-4
4.15,2.75405026624,-4
4.16,2.4806421245,-4
4.17,2.24334721474,-4
4.18,2.4860690016,-4
4.19,2.14955167268,-4
4.2,2.16655834215,-4
4.21,2.25204000981,-4
4.22,2.43248102149,-4
4.23,1.66553359434,-4
4.24,2.39325570849,-4
4.25,2.02352393488,-4
4.26,2.10237377266,-4
4.27,2.00810803469,-4
4.28,2.49967562181,-4
4.29,2.26129254984,-4
4.3,1.87322690093,-4
4.31,2.23790500546,-4
4.32,2.47107568846,-4
4.33,1.94703913217,-4
4.34,2.32574345986,-4
4.35,2.06301567487,-4
4.36,2.22306382656,-4
4.37,2.29222161488,-4
4.38,2.69181103256,-4
4.39,2.30484776481,-4
4.4,2.06045253781,-4
4.41,2.29002342648,-4
4.42,2.09581792063,-4
4.43,2.31182597426,-4
4.44,2.76778353805,-4
4.45,2.83325039892,-4
4.46,1.89821706447,-4
4.47,2.38720044936,-4
4.48,2.66666192891,-4
4.49,2.30211992581,-4
4.5,2.13378189163,-4
4.51,2.46544494787,-4
4.52,2.75712798131,-4
4.53,2.36420399271,-4
4.54,2.13092815728,-4
4.55,2.59465784856,-4
4.56,2.3018221262,-4
4.57,2.06187796685,-4
4.58,2.71927150117,-4
4.59,3.01740418754,-4
4.6,2.35088802414,-4
4.61,2.4296962406,-4
4.62,3.03239738967,-4
4.63,2.94584685662,-4
4.64,3.15686419297,-4
4.65,2.85885656871,-4
4.66,2.09771379839,-4
4.67,2.57966675178,-4
4.68,1.92165874851,-4
4.69,2.89247303519,-4
4.7,2.39944806784,-4
4.71,2.9711830667,-4
4.72,3.00363181579,-4
4.73,2.68839128613,-4
4.74,2.9523993626,-4
4.75,2.89685894912,-4
4.76,3.40992832512,-4
4.77,3.0965010228,-4
4.78,2.94555895003,-4
4.79,2.65679014191,-4
4.8,2.59209517819,-4
4.81,3.21239572757,-4
4.82,3.06573342156,-4
4.83,3.02982807376,-4
4.84,2.80699614618,-4
4.85,3.30770443603,-4
4.86,2.8146491881,-4
4.87,2.40524084346,-4
4.88,3.39139362897,-4
4.89,3.16029086117,-4
4.9,2.56771006913,-4
4.91,3.35154181091,-4
4.92,3.46062110003,-4
4.93,3.30434073404,-4
4.94,2.77608792554,-4
4.95,2.60532678651,-4
4.96,3.33312830959,-4
4.97,3.26706867708,-4
4.98,3.41260193606,-4
4.99,2.80272558665,-4
5.0,3.16704293256,-4
5.01,2.85925348086,-4
5.02,3.1890614108,-4
5.03,3.26465733561,-4
5.04,3.14762982291,-4
5.05,2.78384602421,-4
5.06,2.93409554997,-4
5.07,2.97188158705,-4
5.08,3.10356172698,-4
5.09,3.15729673936,-4
5.1,3.12626350592,-4
5.11,3.17041584608,-4
5.12,2.74260376471,-4
5.13,2.54561476925,-4
5.14,3.42255119254,-4
5.15,3.46891931392,-4
5.16,3.30517842026,-4
5.17,3.62747741293,-4
5.18,3.34973465045,-4
5.19,2.59306806188,-4
5.2,3.62858949754,-4
5.21,3.47516975828,-4
5.22,3.27171505992,-4
5.23,3.27741780487,-4
5.24,3.42709554386,-4
5.25,3.30857399075,-4
5.26,3.13987419385,-4
5.27,3.36545990073,-4
5.28,3.19539072531,-4
5.29,3.48815654794,-4
5.3,3.80209649809,-4
5.31,3.00232189998,-4
5.32,3.0957660167,-4
5.33,3.46121529709,-4
5.34,3.39945688189,-4
5.35,3.10384630252,-4
5.36,3.0347426944,-4
5.37,3.47905412726,-4
5.38,3.44759675849,-4
5.39,3.81558275677,-4
5.4,3.68680577669,-4
5.41,3.73530131823,-4
5.42,3.05566580966,-4
5.43,3.04746672,-4
5.44,3.65776868668,-4
5.45,3.85252329656,-4
5.46,3.34988549805,-4
5.47,3.92327640154,-4
5.48,3.36374435844,-4
5.49,3.36638894684,-4
5.5,3.52983292504,-4
5.51,2.97128911864,-4
5.52,3.80698430588,-4
5.53,3.41558332076,-4
5.54,3.09292033201,-4
5.55,3.32714042892,-4
5.56,3.27226530119,-4
5.57,3.79187688835,-4
5.58,3.90031145577,-4
5.59,3.90514794721,-4
5.6,3.49108775558,-4
5.61,3.78999105079,-4
5.62,3.31163230841,-4
5.63,3.33796561694,-4
5.64,3.73363376889,-4
5.65,3.45045025717,-4
5.66,3.85450553784,-4
5.67,3.69884229707,-4
5.68,3.26875583012,-4
5.69,3.49169759541,-4
5.7,4.25172222226,-4
5.71,3.593346454,-4
5.72,3.41423964231,-4
5.73,3.15590975618,-4
5.74,3.63504096784,-4
5.75,4.08293212799,-4
5.76,3.77341414262,-4
5.77,3.85003259313,-4
5.78,3.71963528267,-4
5.79,3.88150658182,-4
5.8,3.95238858467,-4
5.81,4.0413214111,-4
5.82,3.73323424044,-4
5.83,3.4268853464,-4
5.84,3.33283767834,-4
5.85,3.61887895313,-4
5.86,4.42588641199,-4
5.87,3.97172159102,-4
5.88,4.51384476591,-4
5.89,3.37537632662,-4
5.9,3.85648172425,-4
5.91,3.48318338993,-4
5.92,3.76050385021,-4
5.93,4.18003450803,-4
5.94,4.45869790255,-4
5.95,3.99620264594,-4
5.96,3.53947818905,-4
5.97,4.25821078153,-4
5.98,3.9328465396,-4
5.99,3.95474812111,-4
6.0,3.58058582505,-4
6.01,3.32187389455,-4
6.02,3.97555874219,-4
6.03,4.10748562858,-4
6.04,3.961825269,-4
6.05,3.93477509218,-4
6.06,4.07321153468,-4
6.07,3.4758503902,-4
6.08,3.76928615076,-4
6.09,4.162404757,-4
6.1,4.30975178982,-4
6.11,3.70256497646,-4
6.12,4.14650444955,-4
6.13,4.41545871781,-4
6.14,3.91027966194,-4
6.15,4.02154225743,-4
6.16,3.71779084981,-4
6.17,4.0728632663,-4
6.18,4.1486487715,-4
6.19,4.35153518075,-4
6.2,4.35522502675,-4
6.21,4.36949425777,-4
6.22,4.0309812957,-4
6.23,4.1831681721,-4
6.24,4.27280045362,-4
6.25,4.97295592626,-4
6.26,4.01263649542,-4
6.27,3.45217442305,-4
6.28,4.93478073917,-4
6.29,4.39084364363,-4
6.3,4.10394887092,-4
6.31,4.51187941269,-4
6.32,4.53371741798,-4
6.33,4.5164972101,-4
6.34,4.25438556074,-4
6.35,4.45098298438,-4
6.36,4.4108639803,-4
6.37,4.44371082272,-4
6.38,4.23875216373,-4
6.39,4.15481448082,-4
6.4,3.93068480251,-4
6.41,4.14475474733,-4
6.42,5.10821797822,-4
6.43,4.02410112446,-4
6.44,4.49524669919,-4
6.45,4.21736972297,-4
6.46,4.54606878361,-4
6.47,4.68600508849,-4
6.48,4.65960746842,-4
6.49,4.85562796477,-4
6.5,4.81225499582,-4
6.51,4.28976754485,-4
6.52,4.05515633278,-4
6.53,5.1116465369,-4
6.54,5.05443426491,-4
6.55,4.40749083485,-4
6.56,4.69843463652,-4
6.57,4.93886816935,-4
6.58,4.45576200068,-4
6.59,4.73251132884,-4
6.6,4.94944791737,-4
6.61,4.76439820962,-4
6.62,4.19814652637,-4
6.63,4.51140666156,-4
6.64,4.45431050489,-4
6.65,4.99202088417,-4
6.66,4.84198579063,-4
6.67,4.29300596355,-4
6.68,4.82023938058,-4
6.69,4.54327265573,-4
6.7,4.17889182617,-4
6.71,5.30292954569,-4
6.72,4.69303882016,-4
6.73,4.59152412041,-4
6.74,4.83587803711,-4
6.75,4.94481517454,-4
6.76,4.01700861201,-4
6.77,5.40151560771,-4
6.78,5.31611738535,-4
6.79,4.47001222227,-4
6.8,4.87902773474,-4
6.81,4.89266210117,-4
6.82,4.52380861463,-4
6.83,4.81340919644,-4
6.84,4.47122005433,-4
6.85,4.88716168466,-4
6.86,4.88150366974,-4
6.87,4.52163568419,-4
6.88,4.59772733633,-4
6.89,5.04165668672,-4
6.9,4.19482417668,-4
6.91,5.07839475637,-4
6.92,4.55625570528,-4
6.93,4.63953945606,-4
6.94,4.76093160456,-4
6.95,5.16137640115,-4
6.96,5.51249574693,-4
6.97,4.93722367247,-4
6.98,5.17603164843,-4
6.99,5.00131529997,-4
7.0,5.04682625265,-4
7.01,5.29385443136,-4
7.02,4.80820715221,-4
7.03,5.13706170589,-4
7.04,4.86854272087,-4
7.05,5.21684545323,-4
7.06,5.29234463442,-4
7.07,5.17232970893,-4
7.08,4.43592494373,-4
7.09,4.81869077634,-4
7.1,4.91805944877,-4
7.11,4.67836882697,-4
7.12,4.52333571157,-4
7.13,5.25613272198,-4
7.14,5.06447129004,-4
7.15,5.02635310258,-4
7.16,5.15543958165,-4
7.17,5.29932588203,-4
7.18,5.24857880171,-4
7.19,5.07011999007,-4
7.2,5.29170216421,-4
7.21,5.32932156968,-4
7.22,5.76975336834,-4
7.23,4.97988320591,-4
7.24,4.74726198521,-4
7.25,5.10207397804,-4
7.26,5.20824753162,-4
7.27,5.29777317978,-4
7.28,5.26011809402,-4
7.29,5.46825969694,-4
7.3,5.42909708304,-4
7.31,5.15667517452,-4
7.32,4.87691961366,-4
7.33,5.12742900683,-4
7.34,5.80098995565,-4
7.35,4.82888755322,-4
7.36,5.3781303613,-4
7.37,5.44649850068,-4
7.38,5.67316812553,-4
7.39,5.96976377989,-4
7.4,5.40081147007,-4
7.41,5.77065629349,-4
7.42,5.64762462284,-4
7.43,5.32773438224,-4
7.44,5.50271463454,-4
7.45,5.48194356439,-4
7.46,5.22583974166,-4
7.47,5.9305599534,-4
7.48,5.96366604526,-4
7.49,5.34653295304,-4
7.5,5.16483541528,-4
7.51,5.13709841913,-4
7.52,5.12081037151,-4
7.53,5.82259686013,-4
7.54,5.90340118838,-4
7.55,5.88301012426,-4
7.56,5.98038901794,-4
7.57,5.98048684722,-4
7.58,4.95529528132,-4
7.59,5.70145082029,-4
7.6,5.20287556326,-4
7.61,5.232796657,-4
7.62,5.61709863504,-4
7.63,5.68770246864,-4
7.64,5.65261309799,-4
7.65,5.91423808154,-4
7.66,5.65747461955,-4
7.67,5.88616629962,-4
7.68,5.83170278753,-4
7.69,5.52200226122,-4
7.7,5.3406643222,-4
7.71,5.31308176845,-4
7.72,6.18950947313,-4
7.73,5.86967209721,-4
7.74,5.23755395022,-4
7.75,5.21653641518,-4
7.76,5.5421478758,-4
7.77,5.79422473749,-4
7.78,6.05113457788,-4
7.79,5.90881345507,-4
7.8,5.71337962983,-4
7.81,5.99296302368,-4
7.82,5.92466734961,-4
7.83,5.72646648575,-4
7.84,5.19618818049,-4
7.85,5.97217282016,-4
7.86,5.52799169469,-4
7.87,5.94017768965,-4
7.88,6.30275756702,-4
7.89,5.98804200514,-4
7.9,5.73317023157,-4
7.91,5.47682275666,-4
7.92,6.247754754,-4
7.93,5.63374204164,-4
7.94,5.65125799685,-4
7.95,5.68557396734,-4
7.96,6.52129448856,-4
7.97,6.10769271872,-4
7.98,6.1244907459,-4
7.99,5.84544319119,-4
8.0,6.42202221382,-4
