0.01,5.9464850109,4
0.02,6.05070860565,4
0.03,5.93877890732,4
0.04,5.91568668286,4
0.05,5.91804535832,4
0.06,6.03696345839,4
0.07,5.78497629188,4
0.08,5.75003516393,4
0.09,5.94456950188,4
0.1,5.76417958763,4
0.11,5.94616143763,4
0.12,5.82708871113,4
0.13,5.79089896486,4
0.14,5.87898837063,4
0.15,5.88422112308,4
0.16,5.89943808547,4
0.17,5.77062218955,4
0.18,5.84844091933,4
0.19,5.85130055322,4
0.2,5.89319873432,4
0.21,5.93781817708,4
0.22,5.82638857838,4
0.23,5.84585820812,4
0.24,5.86165926782,4
0.25,5.8157870973,4
0.26,5.62946932979,4
0.27,5.64484607893,4
0.28,5.61377405592,4
0.29,5.64763949804,4
0.3,5.57585023544,4
0.31,5.72822525667,4
0.32,5.60419662805,4
0.33,5.64876163732,4
0.34,5.63464874283,4
0.35,5.7320783933,4
0.36,5.68918554132,4
0.37,5.65075174769,4
0.38,5.64494146269,4
0.39,5.61785117918,4
0.4,5.55523822174,4
0.41,5.63178868316,4
0.42,5.43882278685,4
0.43,5.65981516499,4
0.44,5.59912847435,4
0.45,5.64167195485,4
0.46,5.48514809749,4
0.47,5.575328337,4
0.48,5.49030089106,4
0.49,5.47774192357,4
0.5,5.5902516357,4
0.51,5.53119401725,4
0.52,5.45931379914,4
0.53,5.61085332005,4
0.54,5.41469559344,4
0.55,5.27304364284,4
0.56,5.34443427526,4
0.57,5.40067494148,4
0.58,5.37946700467,4
0.59,5.48296038172,4
0.6,5.5630344832,4
0.61,5.51582386866,4
0.62,5.31974790922,4
0.63,5.40694084767,4
0.64,5.36933467619,4
0.65,5.5186838271,4
0.66,5.09954906685,4
0.67,5.28384414288,4
0.68,5.34968938051,4
0.69,5.5562597598,4
0.7,5.45374485333,4
0.71,5.22279929021,4
0.72,5.34658787937,4
0.73,5.14342773448,4
0.74,5.20931876409,4
0.75,5.30948301775,4
0.76,5.12604223366,4
0.77,5.1194651456,4
0.78,5.11885122743,4
0.79,5.29312187624,4
0.8,5.31313510384,4
0.81,4.96807046664,4
0.82,5.14281024703,4
0.83,5.06759627806,4
0.84,5.17737761819,4
0.85,5.11034292865,4
0.86,5.03762346037,4
0.87,5.05962682401,4
0.88,5.08558895804,4
0.89,5.15374041163,4
0.9,5.04527887538,4
0.91,5.15530153151,4
0.92,5.07304075007,4
0.93,5.05854347569,4
0.94,5.07161082971,4
0.95,5.03038752713,4
0.96,5.04549829025,4
0.97,5.0878075101,4
0.98,4.87739483151,4
0.99,5.14496895464,4
1.0,5.029517961,4
1.01,4.98872723943,4
1.02,4.99967968312,4
1.03,4.81645847957,4
1.04,4.83305105528,4
1.05,4.98743489737,4
1.06,4.88117173529,4
1.07,4.93043792743,4
1.08,4.99192635511,4
1.09,4.96841465814,4
1.1,4.95916149244,4
1.11,4.89781581116,4
1.12,4.90808221681,4
1.13,4.78525279551,4
1.14,4.69628656856,4
1.15,4.75234098426,4
1.16,4.76277554042,4
1.17,4.72330848061,4
1.18,4.8189835333,4
1.19,4.88521893302,4
1.2,4.81670959035,4
1.21,4.66156013909,4
1.22,4.81561674438,4
1.23,4.88693269214,4
1.24,4.69677928059,4
1.25,4.82965744754,4
1.26,4.58222277885,4
1.27,4.85409646134,4
1.28,4.66816393158,4
1.29,4.83198915181,4
1.3,4.6940742892,4
1.31,4.57660337289,4
1.32,4.76979229699,4
1.33,4.62551938668,4
1.34,4.5826085973,4
1.35,4.64150926971,4
1.36,4.63312491047,4
1.37,4.72695519924,4
1.38,4.56266630519,4
1.39,4.57970394932,4
1.4,4.51144165686,4
1.41,4.64990275046,4
1.42,4.48842640828,4
1.43,4.57155098391,4
1.44,4.56725411045,4
1.45,4.53203242841,4
1.46,4.57099540052,4
1.47,4.3567527648,4
1.48,4.61466140719,4
1.49,4.56436308437,4
1.5,4.38159346557,4
1.51,4.50368737435,4
1.52,4.64953350695,4
1.53,4.53315316878,4
1.54,4.36111971626,4
1.55,4.34913300831,4
1.56,4.43489219157,4
1.57,4.57532858176,4
1.58,4.5206163674,4
1.59,4.39951397095,4
1.6,4.43424307622,4
1.61,4.427137476,4
1.62,4.39480833784,4
1.63,4.34409907212,4
1.64,4.35256359167,4
1.65,4.33286766911,4
1.66,4.25420269292,4
1.67,4.1828952087,4
1.68,4.27465859169,4
1.69,4.39153486759,4
1.7,4.34422834575,4
1.71,4.24705231896,4
1.72,4.3410503465,4
1.73,4.21714415601,4
1.74,4.2787397269,4
1.75,4.28654820787,4
1.76,4.21913057202,4
1.77,4.22777789675,4
1.78,4.14883439092,4
1.79,4.32155537906,4
1.8,4.08489542517,4
1.81,4.13709645871,4
1.82,3.93377755521,4
1.83,4.33213084285,4
1.84,4.26951161352,4
1.85,3.95900527885,4
1.86,4.10551859424,4
1.87,4.32495479835,4
1.88,4.06541629087,4
1.89,4.11927474041,4
1.9,4.15218160119,4
1.91,4.253378088,4
1.92,3.95953337524,4
1.93,4.06770527115,4
1.94,4.14840711703,4
1.95,3.97685943595,4
1.96,4.0362789864,4
1.97,3.96559456063,4
1.98,3.96854662498,4
1.99,4.12189383331,4
2.0,3.96874284447,4
2.01,4.04585215626,4
2.02,4.0582693949,4
2.03,4.14206073266,4
2.04,3.98085444995,4
2.05,3.98240203323,4
2.06,3.91728102524,4
2.07,4.01653334119,4
2.08,4.02350934672,4
2.09,3.82909839643,4
2.1,3.878677414,4
2.11,3.88851909446,4
2.12,3.8047601087,4
2.13,3.78271271513,4
2.14,3.89276498086,4
2.15,3.7204873937,4
2.16,3.93404425818,4
2.17,3.89672964573,4
2.18,3.69781904346,4
2.19,3.78066263978,4
2.2,3.70494332104,4
2.21,3.74986090874,4
2.22,3.7338387555,4
2.23,3.77370156376,4
2.24,3.70531702972,4
2.25,3.76635249036,4
2.26,3.77913291347,4
2.27,3.8043583547,4
2.28,3.74526562302,4
2.29,3.8142164152,4
2.3,3.70129408379,4
2.31,3.58692492774,4
2.32,3.54324843891,4
2.33,3.73071112491,4
2.34,3.55215543532,4
2.35,3.72979638713,4
2.36,3.66229698716,4
2.37,3.75017469456,4
2.38,3.50130800511,4
2.39,3.58794560541,4
2.4,3.78466308102,4
2.41,3.53165022082,4
2.42,3.73168701403,4
2.43,3.65473119538,4
2.44,3.7368700237,4
2.45,3.44590713969,4
2.46,3.52692682331,4
2.47,3.48716933916,4
2.48,3.46631889622,4
2.49,3.44483989886,4
2.5,3.54851425111,4
2.51,3.50819349171,4
2.52,3.50534341584,4
2.53,3.56727497603,4
2.54,3.37360011749,4
2.55,3.70168475949,4
2.56,3.4242450737,4
2.57,3.5802472113,4
2.58,3.42969069217,4
2.59,3.54536243471,4
2.6,3.56527704448,4
2.61,3.28899643721,4
2.62,3.3606214388,4
2.63,3.30202620347,4
2.64,3.24617942987,4
2.65,3.15024838401,4
2.66,3.16857775444,4
2.67,3.3461023785,4
2.68,3.31082515247,4
2.69,3.40662418977,4
2.7,3.45291800596,4
2.71,3.40707486418,4
2.72,3.32018433976,4
2.73,3.25871615307,4
2.74,3.1407433367,4
2.75,3.41848855937,4
2.76,3.37268131153,4
2.77,3.16391280332,4
2.78,3.15019669966,4
2.79,3.14951617293,4
2.8,3.20378348687,4
2.81,3.22471145501,4
2.82,3.13044865749,4
2.83,3.18213965311,4
2.84,3.19289179445,4
2.85,3.1487492525,4
2.86,3.07672293425,4
2.87,3.19478751024,4
2.88,3.21032052309,4
2.89,3.12243211943,4
2.9,3.02294965871,4
2.91,2.96131310509,4
2.92,3.0600256942,4
2.93,3.04520526814,4
2.94,3.05114109893,4
2.95,2.88699846971,4
2.96,3.21814580077,4
2.97,2.97490478029,4
2.98,2.94990858205,4
2.99,3.09725430241,4
3.0,3.18611402634,4
3.01,2.97205606485,4
3.02,2.73823982512,4
3.03,2.84981335436,4
3.04,3.03991683009,4
3.05,2.82303545916,4
3.06,3.01737378378,4
3.07,2.99167483101,4
3.08,2.81576574536,4
3.09,2.92588169813,4
3.1,3.0601387559,4
3.11,2.89745083624,4
3.12,2.89636736135,4
3.13,2.81377923206,4
3.14,2.88511861511,4
3.15,2.7927351812,4
3.16,2.96551736154,4
3.17,2.77490772075,4
3.18,2.89469639225,4
3.19,2.79450271332,4
3.2,2.89071567634,4
3.21,2.82336041415,4
3.22,2.73112236281,4
3.23,2.85356880679,4
3.24,2.8071134182,4
3.25,2.85888764429,4
3.26,2.83891787179,4
3.27,2.58933274701,4
3.28,2.71442208912,4
3.29,2.74660360004,4
3.3,2.67117864573,4
3.31,2.68308323764,4
3.32,2.69462184428,4
3.33,2.64694693141,4
3.34,2.71608553496,4
3.35,2.62818401429,4
3.36,2.6753277829,4
3.37,2.51393021082,4
3.38,2.67652887968,4
3.39,2.70796259792,4
3.4,2.71164126925,4
3.41,2.68143325541,4
3.42,2.61817759359,4
3.43,2.64198703518,4
3.44,2.45398757798,4
3.45,2.4030123422,4
3.46,2.37062813113,4
3.47,2.34071275131,4
3.48,2.51335661184,4
3.49,2.29967327103,4
3.5,2.2943788585,4
3.51,2.57654128519,4
3.52,2.64339706778,4
3.53,2.42845833191,4
3.54,2.50090766307,4
3.55,2.56299076706,4
3.56,2.52810857562,4
3.57,2.30943177658,4
3.58,2.42872087634,4
3.59,2.31252612505,4
3.6,2.58952881399,4
3.61,2.27913874046,4
3.62,2.25270259411,4
3.63,2.4746405908,4
3.64,2.31705861966,4
3.65,2.38102862838,4
3.66,2.28876974202,4
3.67,2.1666715317,4
3.68,2.33152378653,4
3.69,2.42870077606,4
3.7,2.26404920852,4
3.71,2.49312867549,4
3.72,2.34307288943,4
3.73,2.16257367675,4
3.74,2.35657219191,4
3.75,2.3010728154,4
3.76,2.1102436953,4
3.77,2.35023892501,4
3.78,2.29274547134,4
3.79,2.25546398073,4
3.8,2.01396485645,4
3.81,2.23816239535,4
3.82,2.12430562423,4
3.83,2.10190693077,4
3.84,2.12942778143,4
3.85,2.13470923324,4
3.86,1.98774219996,4
3.87,2.14290618914,4
3.88,2.09888693767,4
3.89,2.37410942444,4
3.9,1.94932322192,4
3.91,2.24336629996,4
3.92,2.03389230822,4
3.93,2.17738367414,4
3.94,1.99493368999,4
3.95,1.9149061844,4
3.96,2.1114427959,4
3.97,1.97965146194,4
3.98,1.95761843503,4
3.99,2.03285720869,4
4.0,2.19961567006,4
4.01,1.99210691418,-4
4.02,2.0107320834,-4
4.03,2.11515683711,-4
4.04,1.96310397681,-4
4.05,2.08297615161,-4
4.06,2.18616483,-4
4.07,2.11589195046,-4
4.08,2.13277744366,-4
4.09,2.14698595708,-4
4.1,1.93156848071,-4
4.11,2.25065312579,-4
4.12,2.09905580499,-4
4.13,2.04711233508,-4
4.14,2.0281769333,-4
4.15,2.08412838303,-4
4.16,2.08251043142,-4
4.17,2.06324973833,-4
4.18,2.09174262544,-4
4.19,2.17446061578,-4
4.2,2.16491848333,-4
4.21,2.15788781152,-4
4.22,2.05599669969,-4
4.23,2.39525178982,-4
4.24,2.19278928785,-4
4.25,2.10338542184,-4
4.26,2.25038499887,-4
4.27,2.31643448878,-4
4.28,2.3054221757,-4
4.29,2.23746258548,-4
4.3,2.37748283089,-4
4.31,2.33774177051,-4
4.32,2.30988453872,-4
4.33,2.31931870369,-4
4.34,2.39317966413,-4
4.35,2.30276093272,-4
4.36,2.26913988131,-4
4.37,2.45336796076,-4
4.38,2.38233287423,-4
4.39,2.2820145512,-4
4.4,2.44649066952,-4
4.41,2.48328671911,-4
4.42,2.32692190397,-4
4.43,2.3845410213,-4
4.44,2.24187161216,-4
4.45,2.52933406691,-4
4.46,2.3592506421,-4
4.47,2.47883625184,-4
4.48,2.54412031601,-4
4.49,2.53387863882,-4
4.5,2.54120719614,-4
4.51,2.43747642608,-4
4.52,2.48583798176,-4
4.53,2.38204563503,-4
4.54,2.70660328968,-4
4.55,2.41066553169,-4
4.56,2.50815209062,-4
4.57,2.45236262734,-4
4.58,2.83339784668,-4
4.59,2.66928426842,-4
4.6,2.63934194391,-4
4.61,2.61895348266,-4
4.62,2.64033089988,-4
4.63,2.62981444744,-4
4.64,2.67495463855,-4
4.65,2.60347277314,-4
4.66,2.47771174516,-4
4.67,2.92555881242,-4
4.68,2.74299755245,-4
4.69,2.74108161323,-4
4.7,2.68148115957,-4
4.71,2.83532577334,-4
4.72,2.73843334477,-4
4.73,2.69461564642,-4
4.74,2.63939880074,-4
4.75,2.77002893041,-4
4.76,2.89053898003,-4
4.77,2.92717032411,-4
4.78,2.67985439957,-4
4.79,2.77395051348,-4
4.8,2.92974310024,-4
4.81,2.77471483075,-4
4.82,2.80314940528,-4
4.83,2.677226508,-4
4.84,2.76004059791,-4
4.85,3.06942629738,-4
4.86,2.92879783761,-4
4.87,3.04446483007,-4
4.88,2.96177609257,-4
4.89,2.85337361991,-4
4.9,2.90873044912,-4
4.91,2.86955635783,-4
4.92,2.96517676537,-4
4.93,2.85195301938,-4
4.94,3.06274217581,-4
4.95,2.99420964424,-4
4.96,3.01648035937,-4
4.97,2.94244168022,-4
4.98,3.12282383836,-4
4.99,2.77882643021,-4
5.0,3.11430948722,-4
5.01,3.23686185125,-4
5.02,3.06138541649,-4
5.03,2.95788037852,-4
5.04,2.95309948186,-4
5.05,2.97637984361,-4
5.06,3.13837836072,-4
5.07,3.13867626503,-4
5.08,3.03538303076,-4
5.09,3.07403281917,-4
5.1,3.06955259594,-4
5.11,2.994276073,-4
5.12,3.24712791511,-4
5.13,3.04107139132,-4
5.14,3.09557369483,-4
5.15,3.10022930748,-4
5.16,3.17413958958,-4
5.17,3.2118293491,-4
5.18,3.19736012217,-4
5.19,3.33525391376,-4
5.2,3.24039189274,-4
5.21,3.23659863182,-4
5.22,3.15156035136,-4
5.23,3.26446033541,-4
5.24,3.27731325371,-4
5.25,3.36547081437,-4
5.26,3.21394339843,-4
5.27,3.14615644359,-4
5.28,3.28327446464,-4
5.29,3.2867805265,-4
5.3,3.45261407582,-4
5.31,3.40179533941,-4
5.32,3.34807865151,-4
5.33,3.14823778119,-4
5.34,3.29019860393,-4
5.35,3.45279747348,-4
5.36,3.24904847256,-4
5.37,3.49799403693,-4
5.38,3.3325847303,-4
5.39,3.42993723529,-4
5.4,3.37138067745,-4
5.41,3.38506107209,-4
5.42,3.53454117097,-4
5.43,3.46438836999,-4
5.44,3.35128590039,-4
5.45,3.54156089461,-4
5.46,3.48081276777,-4
5.47,3.51409123384,-4
5.48,3.38225063216,-4
5.49,3.49754226178,-4
5.5,3.40190831369,-4
5.51,3.36372277078,-4
5.52,3.44105324041,-4
5.53,3.33227764025,-4
5.54,3.37820923766,-4
5.55,3.80193122332,-4
5.56,3.45962561653,-4
5.57,3.62766215675,-4
5.58,3.65174477475,-4
5.59,3.65933287383,-4
5.6,3.74983254168,-4
5.61,3.59657012398,-4
5.62,3.65069120046,-4
5.63,3.74873619729,-4
5.64,3.57739456474,-4
5.65,3.5385522395,-4
5.66,3.77919472542,-4
5.67,3.74522100125,-4
5.68,3.78665068749,-4
5.69,3.49887761494,-4
5.7,3.70825443699,-4
5.71,3.6494442458,-4
5.72,3.80777352434,-4
5.73,3.680319505,-4
5.74,3.62887502379,-4
5.75,3.68519666402,-4
5.76,3.76028063305,-4
5.77,3.74344171613,-4
5.78,3.79835629036,-4
5.79,3.84580456593,-4
5.8,3.66695248379,-4
5.81,3.8330486217,-4
5.82,3.81501415173,-4
5.83,3.67622461924,-4
5.84,3.97731856239,-4
5.85,3.91224549519,-4
5.86,3.85890304564,-4
5.87,3.85983329949,-4
5.88,3.96050870688,-4
5.89,3.81356325591,-4
5.9,3.928981522,-4
5.91,3.93225125366,-4
5.92,4.04274594,-4
5.93,3.94040400169,-4
5.94,4.02114075066,-4
5.95,4.10112845545,-4
5.96,3.88882454155,-4
5.97,4.0060839362,-4
5.98,3.88484251122,-4
5.99,3.93845002779,-4
6.0,4.01844591027,-4
6.01,4.01338892363,-4
6.02,4.07903573949,-4
6.03,4.1608946876,-4
6.04,4.13482657276,-4
6.05,4.13180898467,-4
6.06,4.00027391,-4
6.07,4.05124762469,-4
6.08,4.0840700309,-4
6.09,4.1232784346,-4
6.1,4.07421160654,-4
6.11,4.13832411736,-4
6.12,4.28389986912,-4
6.13,4.04715818025,-4
6.14,4.28064531119,-4
6.15,4.20037587898,-4
6.16,4.13736535932,-4
6.17,4.22611003692,-4
6.18,4.28499448271,-4
6.19,4.08187322703,-4
6.2,4.16186646261,-4
6.21,4.23661194859,-4
6.22,4.17254015733,-4
6.23,4.2317047851,-4
6.24,4.31781085651,-4
6.25,4.18781899909,-4
6.26,4.39904951004,-4
6.27,4.17290575142,-4
6.28,4.31533492371,-4
6.29,4.20424657593,-4
6.3,4.10459817312,-4
6.31,4.20560567814,-4
6.32,4.28614336601,-4
6.33,4.33995885635,-4
6.34,4.52945895123,-4
6.35,4.53662125488,-4
6.36,4.40317309675,-4
6.37,4.47579009557,-4
6.38,4.17829785499,-4
6.39,4.51207919251,-4
6.4,4.35469220481,-4
6.41,4.48176482131,-4
6.42,4.45852861551,-4
6.43,4.31418577687,-4
6.44,4.34348600889,-4
6.45,4.42878278499,-4
6.46,4.53144616737,-4
6.47,4.60719607725,-4
6.48,4.5280435079,-4
6.49,4.45329396613,-4
6.5,4.39264065282,-4
6.51,4.46410834463,-4
6.52,4.43201128917,-4
6.53,4.57900688706,-4
6.54,4.76434111008,-4
6.55,4.5895308932,-4
6.56,4.55425809658,-4
6.57,4.80048232164,-4
6.58,4.58009517988,-4
6.59,4.49106663081,-4
6.6,4.55452249302,-4
6.61,4.75472866778,-4
6.62,4.60671995474,-4
6.63,4.65861001664,-4
6.64,4.73536201533,-4
6.65,4.52760198324,-4
6.66,4.58038974885,-4
6.67,4.69283893339,-4
6.68,4.80611379063,-4
6.69,4.6035436495,-4
6.7,4.56511856642,-4
6.71,4.70439980976,-4
6.72,4.76003950148,-4
6.73,4.69068971706,-4
6.74,4.79444343486,-4
6.75,4.81917673341,-4
6.76,4.89541753789,-4
6.77,4.76838590192,-4
6.78,4.71878618042,-4
6.79,4.7721068731,-4
6.8,4.74318012208,-4
6.81,4.77602095124,-4
6.82,4.86232461543,-4
6.83,4.87005125614,-4
6.84,4.9475768777,-4
6.85,4.89628655158,-4
6.86,4.84783465981,-4
6.87,4.96038584412,-4
6.88,4.98390044026,-4
6.89,4.89162888792,-4
6.9,4.88639048966,-4
6.91,4.96284428656,-4
6.92,4.75509785573,-4
6.93,4.94062534086,-4
6.94,4.95270485874,-4
6.95,5.12321032398,-4
6.96,5.16307905011,-4
6.97,4.92563465347,-4
6.98,4.7445990404,-4
6.99,4.8538212222,-4
7.0,5.06051592859,-4
7.01,4.91489844222,-4
7.02,4.99727128386,-4
7.03,5.09151023028,-4
7.04,5.05717013963,-4
7.05,4.85665346206,-4
7.06,5.01506047785,-4
7.07,5.12500098269,-4
7.08,5.00600770683,-4
7.09,5.11357732213,-4
7.1,5.03803627835,-4
7.11,5.0471822341,-4
7.12,5.08733041771,-4
7.13,5.324902168,-4
7.14,5.13096170997,-4
7.15,5.22912839385,-4
7.16,5.14822390053,-4
7.17,5.13886783503,-4
7.18,5.22262033449,-4
7.19,5.15949942692,-4
7.2,5.11055732526,-4
7.21,5.11926948338,-4
7.22,5.15131295892,-4
7.23,5.17708275277,-4
7.24,5.13531030155,-4
7.25,5.1336041993,-4
7.26,5.40234858549,-4
7.27,5.30697212099,-4
7.28,5.22529082175,-4
7.29,5.46884226082,-4
7.3,5.28493739875,-4
7.31,5.42305277927,-4
7.32,5.19224999951,-4
7.33,5.32229550487,-4
7.34,5.36902123631,-4
7.35,5.52991994715,-4
7.36,5.39604134268,-4
7.37,5.39675754005,-4
7.38,5.34119994226,-4
7.39,5.36925142252,-4
7.4,5.56658713038,-4
7.41,5.31297383659,-4
7.42,5.3864778954,-4
7.43,5.41422750529,-4
7.44,5.51635463715,-4
7.45,5.52927080051,-4
7.46,5.26988533765,-4
7.47,5.33549157303,-4
7.48,5.57204036656,-4
7.49,5.47676028883,-4
7.5,5.5009985273,-4
7.51,5.59389152,-4
7.52,5.41380967976,-4
7.53,5.47283024852,-4
7.54,5.51048789248,-4
7.55,5.52385611654,-4
7.56,5.61517697493,-4
7.57,5.54561437932,-4
7.58,5.59567620949,-4
7.59,5.54916955446,-4
7.6,5.46443396674,-4
7.61,5.65129099304,-4
7.62,5.65777761866,-4
7.63,5.64796443631,-4
7.64,5.48634937701,-4
7.65,5.7529514107,-4
7.66,5.6661557571,-4
7.67,5.70278976916,-4
7.68,5.65584940621,-4
7.69,5.72305748734,-4
7.7,5.82158911069,-4
7.71,5.90156660978,-4
7.72,5.71398290098,-4
7.73,5.8149363665,-4
7.74,5.70851965268,-4
7.75,5.73465867479,-4
7.76,5.63603913597,-4
7.77,5.82258384771,-4
7.78,5.71840872625,-4
7.79,5.70960489828,-4
7.8,5.8901135668,-4
7.81,5.86274024038,-4
7.82,5.96894332986,-4
7.83,5.82902529857,-4
7.84,5.83283418968,-4
7.85,5.80261365967,-4
7.86,5.78682458643,-4
7.87,5.72861809667,-4
7.88,5.87037811034,-4
7.89,5.93477751913,-4
7.9,6.04857835226,-4
7.91,6.04511609433,-4
7.92,5.91692799829,-4
7.93,6.04622369422,-4
7.94,5.82341702711,-4
7.95,5.7560476596,-4
7.96,6.05796139725,-4
7.97,6.01136056294,-4
7.98,5.99213186254,-4
7.99,6.02967935839,-4
8.0,6.00983569996,-4
