0.01,6.30457099368,4
0.02,5.70752436914,4
0.03,6.15273326606,4
0.04,5.55657892937,4
0.05,5.91236506081,4
0.06,6.15148950839,4
0.07,6.21758291083,4
0.08,6.02499516571,4
0.09,5.73277241912,4
0.1,5.99414468827,4
0.11,5.68661921751,4
0.12,6.03886748869,4
0.13,5.89956202381,4
0.14,6.23900506532,4
0.15,5.91080158295,4
0.16,5.7466712063,4
0.17,5.84248879804,4
0.18,5.58713019206,4
0.19,6.01674862301,4
0.2,6.08539257922,4
0.21,5.82193010767,4
0.22,5.55952510537,4
0.23,5.94458307753,4
0.24,5.82530547192,4
0.25,5.49568309244,4
0.26,5.30976527908,4
0.27,5.71909046395,4
0.28,5.66785228706,4
0.29,5.63917522722,4
0.3,5.9557794903,4
0.31,5.70922984908,4
0.32,5.94476110363,4
0.33,5.30886831686,4
0.34,5.75871770732,4
0.35,6.12708878238,4
0.36,5.53110044532,4
0.37,5.52267033106,4
0.38,5.49319317869,4
0.39,5.41775805294,4
0.4,5.31936533266,4
0.41,5.78489291959,4
0.42,5.6015760567,4
0.43,5.38325989072,4
0.44,5.42033421308,4
0.45,5.61531497042,4
0.46,5.25125590908,4
0.47,5.35885897434,4
0.48,5.79783727885,4
0.49,5.66679387817,4
0.5,5.68705934374,4
0.51,5.68271675004,4
0.52,5.3129481708,4
0.53,5.47659207408,4
0.54,5.37157174778,4
0.55,5.4808051425,4
0.56,5.66532317927,4
0.57,5.26603906977,4
0.58,5.35950540686,4
0.59,5.56339285028,4
0.6,5.30941830114,4
0.61,5.3538498117,4
0.62,5.228687553,4
0.63,5.0230852273,4
0.64,5.19021118313,4
0.65,5.27696902982,4
0.66,5.1614049538,4
0.67,5.03871623848,4
0.68,5.29296007035,4
0.69,5.25017460125,4
0.7,5.52832076888,4
0.71,5.35001868619,4
0.72,5.27317005864,4
0.73,5.01795722829,4
0.74,5.26147266103,4
0.75,5.23319315009,4
0.76,4.96021673258,4
0.77,5.31951135714,4
0.78,5.3632023202,4
0.79,5.38782064981,4
0.8,5.37101933064,4
0.81,5.08121805741,4
0.82,5.21986823605,4
0.83,4.79808189008,4
0.84,5.03743019469,4
0.85,5.1377414481,4
0.86,5.21576828656,4
0.87,5.14885586004,4
0.88,5.15568186387,4
0.89,4.9265769189,4
0.9,5.44984624636,4
0.91,4.88258054091,4
0.92,5.31972014469,4
0.93,4.89329800727,4
0.94,5.13239119293,4
0.95,5.00890980296,4
0.96,4.98605203995,4
0.97,5.37873199544,4
0.98,4.73935182514,4
0.99,5.16635434741,4
1.0,4.84432568362,4
1.01,5.23572213583,4
1.02,5.16871949284,4
1.03,4.87804521114,4
1.04,4.85433731031,4
1.05,4.81059574796,4
1.06,4.90801858269,4
1.07,4.75991734213,4
1.08,5.1651243327,4
1.09,5.07525826914,4
1.1,4.6069302779,4
1.11,4.33925295233,4
1.12,5.02306929107,4
1.13,4.86469033176,4
1.14,4.91114580396,4
1.15,4.76547547679,4
1.16,4.76761039744,4
1.17,4.84899985688,4
1.18,5.1254532408,4
1.19,4.83672403627,4
1.2,4.92888642264,4
1.21,4.88161498149,4
1.22,4.98841807768,4
1.23,4.96538713467,4
1.24,4.49564535805,4
1.25,4.86127476577,4
1.26,4.74140329727,4
1.27,4.65130705521,4
1.28,4.50208085646,4
1.29,5.3229825741,4
1.3,4.66235796061,4
1.31,4.4830555408,4
1.32,4.55376658513,4
1.33,4.53247807173,4
1.34,4.60178416473,4
1.35,4.52956185811,4
1.36,4.37017885238,4
1.37,4.4072148918,4
1.38,4.49683244123,4
1.39,4.65118129551,4
1.4,4.50894477888,4
1.41,4.79773946884,4
1.42,4.65028152338,4
1.43,4.73163730074,4
1.44,4.49837309408,4
1.45,4.54368155774,4
1.46,4.46076688057,4
1.47,4.67411009237,4
1.48,4.58732508487,4
1.49,4.58557056496,4
1.5,4.82909396836,4
1.51,4.55390357895,4
1.52,4.53627796925,4
1.53,4.73492479934,4
1.54,4.86141585036,4
1.55,4.27514534041,4
1.56,4.28532846946,4
1.57,4.30567015118,4
1.58,4.40418469938,4
1.59,4.53493502311,4
1.6,4.09275318967,4
1.61,4.57766506162,4
1.62,4.20696649974,4
1.63,4.4942474435,4
1.64,4.53168033148,4
1.65,4.19828020864,4
1.66,4.15888206142,4
1.67,4.16567687899,4
1.68,4.31773568732,4
1.69,4.18837327316,4
1.7,4.49596434558,4
1.71,4.01053536864,4
1.72,4.14664153899,4
1.73,4.33744560485,4
1.74,4.27623664781,4
1.75,4.00889281071,4
1.76,4.43984883869,4
1.77,4.20597875318,4
1.78,4.16379696071,4
1.79,4.25839124009,4
1.8,4.2115622062,4
1.81,4.05903714737,4
1.82,4.18328323121,4
1.83,4.26139531917,4
1.84,4.1938942045,4
1.85,4.33689123225,4
1.86,4.188948878,4
1.87,4.07748600041,4
1.88,4.17118921631,4
1.89,4.12562504607,4
1.9,4.02149294505,4
1.91,3.90147486142,4
1.92,4.19847274839,4
1.93,4.00173741351,4
1.94,4.35637961905,4
1.95,4.0609611369,4
1.96,4.09289720577,4
1.97,3.83529041192,4
1.98,4.37951579451,4
1.99,3.99688376028,4
2.0,3.78274734439,4
2.01,4.09623637397,4
2.02,3.72098108481,4
2.03,4.15722661612,4
2.04,4.05031984611,4
2.05,4.33293754124,4
2.06,3.98872731307,4
2.07,4.03951988545,4
2.08,3.81081909218,4
2.09,3.93665899149,4
2.1,3.6283983817,4
2.11,4.01319210126,4
2.12,3.65446312139,4
2.13,3.93988834498,4
2.14,4.07022947468,4
2.15,3.98397705793,4
2.16,3.61690395109,4
2.17,3.37922462892,4
2.18,3.50970677964,4
2.19,3.84885426267,4
2.2,4.09928971141,4
2.21,3.70503451525,4
2.22,3.65378640599,4
2.23,3.69813780005,4
2.24,3.40094834184,4
2.25,3.97713799366,4
2.26,3.71486179313,4
2.27,3.87242119757,4
2.28,3.71689290369,4
2.29,3.96440000761,4
2.3,3.50579011472,4
2.31,3.25828783816,4
2.32,3.60924736942,4
2.33,3.61786325483,4
2.34,3.73915070413,4
2.35,3.87360194644,4
2.36,3.49291021972,4
2.37,3.94003983307,4
2.38,3.67054604218,4
2.39,3.19106132933,4
2.4,3.992774379,4
2.41,3.60394618726,4
2.42,3.08746352539,4
2.43,3.46423263414,4
2.44,3.74752360111,4
2.45,3.55563575524,4
2.46,3.25912990783,4
2.47,3.62129115621,4
2.48,3.35200886159,4
2.49,3.63798347589,4
2.5,3.55822513906,4
2.51,3.34911191184,4
2.52,4.05607714537,4
2.53,3.44753380595,4
2.54,3.42928028948,4
2.55,3.06273747126,4
2.56,3.72447308506,4
2.57,3.42838993566,4
2.58,3.71153832392,4
2.59,3.03581603984,4
2.6,3.17710064859,4
2.61,3.16039752861,4
2.62,3.48079631457,4
2.63,3.56458950114,4
2.64,3.32637591555,4
2.65,3.26607440278,4
2.66,3.19900347181,4
2.67,3.11935313069,4
2.68,3.46901405678,4
2.69,3.3553509484,4
2.7,3.20696600972,4
2.71,3.06394931596,4
2.72,3.07997679073,4
2.73,3.22422357262,4
2.74,3.20316786081,4
2.75,3.22863401369,4
2.76,3.35462245189,4
2.77,3.35876933966,4
2.78,3.59558677574,4
2.79,2.86848282121,4
2.8,3.17246617184,4
2.81,3.00063811077,4
2.82,3.19664453202,4
2.83,2.97028251747,4
2.84,3.2388203225,4
2.85,3.44537347415,4
2.86,3.50120835872,4
2.87,3.19931182987,4
2.88,3.18015270799,4
2.89,2.97352400545,4
2.9,2.72100464153,4
2.91,3.11817252102,4
2.92,2.82632487125,4
2.93,3.02196239896,4
2.94,3.1120083949,4
2.95,3.22076533236,4
2.96,3.25512224693,4
2.97,2.93580690315,4
2.98,2.55838472735,4
2.99,3.15951208367,4
3.0,3.10026942074,4
3.01,3.06986866487,4
3.02,3.14071793332,4
3.03,3.15951848497,4
3.04,2.95041631398,4
3.05,2.60929839214,4
3.06,3.27956774465,4
3.07,2.59230086385,4
3.08,3.1353408288,4
3.09,2.78397081961,4
3.1,3.25210053906,4
3.11,2.52371776042,4
3.12,2.94400518161,4
3.13,2.94080517783,4
3.14,2.92276138433,4
3.15,2.99907706565,4
3.16,2.67124686612,4
3.17,2.6545193973,4
3.18,2.82596373535,4
3.19,2.87960838529,4
3.2,2.77246459154,4
3.21,2.76718221048,4
3.22,2.94867003302,4
3.23,2.79260522468,4
3.24,2.65559990631,4
3.25,3.28127842085,4
3.26,2.82792231908,4
3.27,2.69080649308,4
3.28,2.55305378486,4
3.29,2.66769496311,4
3.3,2.60203560804,4
3.31,2.68558501747,4
3.32,2.44405919204,4
3.33,2.76217924342,4
3.34,2.84146182753,4
3.35,3.15904022036,4
3.36,2.81576054665,4
3.37,2.10761561204,4
3.38,2.81599112158,4
3.39,2.71086257526,4
3.4,2.60730369319,4
3.41,2.61193605353,4
3.42,2.46800119126,4
3.43,2.68190335757,4
3.44,2.36645212134,4
3.45,2.60566605361,4
3.46,2.7422466947,4
3.47,2.37654876524,4
3.48,2.79550484765,4
3.49,2.54247330509,4
3.5,2.42374334761,4
3.51,2.54334312716,4
3.52,2.29898808707,4
3.53,2.37942095287,4
3.54,2.12500968458,4
3.55,2.70882375811,4
3.56,2.17144798345,4
3.57,2.5168241965,4
3.58,2.28647468658,4
3.59,2.36784897885,4
3.6,2.33542486155,4
3.61,2.09903746458,4
3.62,2.27455409634,4
3.63,2.52127863842,4
3.64,2.54342143011,4
3.65,2.41630654984,4
3.66,1.95592299734,4
3.67,2.42877088097,4
3.68,2.10185979139,4
3.69,2.29157678928,4
3.7,1.78770533014,4
3.71,2.24431559219,4
3.72,1.9712607525,4
3.73,2.44496672392,4
3.74,2.21637512538,4
3.75,2.0863031351,4
3.76,2.19408319424,4
3.77,2.13337238508,4
3.78,2.03248932688,4
3.79,2.07745799618,4
3.8,1.7159479428,4
3.81,2.28657795244,4
3.82,2.11137837303,4
3.83,2.09279453633,4
3.84,1.92697040817,4
3.85,2.55852838743,4
3.86,2.10252471917,4
3.87,1.75966342699,4
3.88,2.3451773972,4
3.89,1.44921519251,4
3.9,2.2051733348,4
3.91,2.00290371116,4
3.92,2.25741971149,4
3.93,1.8305944679,4
3.94,2.11826658649,4
3.95,2.2360657727,4
3.96,2.10534595595,4
3.97,2.00550275962,4
3.98,1.96951853792,4
3.99,2.12965474717,4
4.0,2.02449917642,4
4.01,2.06053756143,-4
4.02,2.10647357662,-4
4.03,2.03052310106,-4
4.04,2.17877923495,-4
4.05,2.13227947753,-4
4.06,2.31040878855,-4
4.07,1.77758344037,-4
4.08,2.18664600927,-4
4.09,2.15260937509,-4
4.1,2.49844641442,-4
4.11,2.52008230128,-4
4.12,1.67136875484,-4
4.13,2.24339038575,-4
4.14,2.23574644619,-4
4.15,1.98406249736,-4
4.16,2.16292061401,-4
4.17,2.21663488437,-4
4.18,2.19831368473,-4
4.19,2.06267513278,-4
4.2,2.16616043526,-4
4.21,2.4523163141,-4
4.22,2.34109356274,-4
4.23,2.05544988306,-4
4.24,2.23571651961,-4
4.25,2.41179900607,-4
4.26,2.20578071513,-4
4.27,2.61923155966,-4
4.28,2.03987453983,-4
4.29,1.89059571214,-4
4.3,2.28187992611,-4
4.31,2.26073187209,-4
4.32,2.01364409277,-4
4.33,2.31606334839,-4
4.34,2.30360104197,-4
4.35,2.52564509214,-4
4.36,2.28815071864,-4
4.37,2.38305335644,-4
4.38,2.50130690695,-4
4.39,2.48103659421,-4
4.4,2.50569982416,-4
4.41,2.55627224588,-4
4.42,2.57001580592,-4
4.43,2.63912960477,-4
4.44,2.26621488306,-4
4.45,2.11387310972,-4
4.46,2.63695196444,-4
4.47,2.39830503986,-4
4.48,2.29395022422,-4
4.49,2.3514327307,-4
4.5,2.73755595883,-4
4.51,2.45468202526,-4
4.52,2.49424598382,-4
4.53,2.37765280338,-4
4.54,2.58192320169,-4
4.55,2.36818082892,-4
4.56,2.74585561984,-4
4.57,2.60463392354,-4
4.58,2.52995066627,-4
4.59,2.66868859098,-4
4.6,2.92915394088,-4
4.61,2.18903255889,-4
4.62,2.70600896542,-4
4.63,2.89929988902,-4
4.64,2.73858224761,-4
4.65,2.46810138924,-4
4.66,2.56892679526,-4
4.67,2.96145453119,-4
4.68,2.49176839381,-4
4.69,2.90611268198,-4
4.7,2.92503506314,-4
4.71,2.80575428741,-4
4.72,2.85377593328,-4
4.73,2.83000004001,-4
4.74,2.46220923882,-4
4.75,2.63904528143,-4
4.76,2.70654237776,-4
4.77,2.63328276206,-4
4.78,2.92106682608,-4
4.79,2.8525080011,-4
4.8,3.16155022342,-4
4.81,3.07181742559,-4
4.82,3.06937253857,-4
4.83,2.99967851565,-4
4.84,2.70972599649,-4
4.85,2.99536217654,-4
4.86,3.00809805692,-4
4.87,2.95101404412,-4
4.88,2.95175480212,-4
4.89,3.26907696995,-4
4.9,2.88615507119,-4
4.91,2.77807041496,-4
4.92,2.72077860207,-4
4.93,2.89697671961,-4
4.94,3.09907104282,-4
4.95,3.14064113423,-4
4.96,2.86172655152,-4
4.97,2.88642856548,-4
4.98,3.4344941426,-4
4.99,2.65701960402,-4
5.0,2.97853957361,-4
5.01,3.12317352506,-4
5.02,2.94935046282,-4
5.03,3.03723922723,-4
5.04,2.6899596095,-4
5.05,3.26730861222,-4
5.06,2.94361481497,-4
5.07,3.09174117994,-4
5.08,2.8351515722,-4
5.09,2.99562370905,-4
5.1,3.45601681018,-4
5.11,2.84942922725,-4
5.12,2.99420459254,-4
5.13,3.04635443774,-4
5.14,3.36339951768,-4
5.15,3.02824155229,-4
5.16,3.43821425806,-4
5.17,3.1619811135,-4
5.18,3.47531318054,-4
5.19,3.26389528565,-4
5.2,3.32645336316,-4
5.21,3.17899557296,-4
5.22,3.25766350285,-4
5.23,3.4109832579,-4
5.24,3.28752212652,-4
5.25,3.1232000249,-4
5.26,3.31527671267,-4
5.27,2.98548060092,-4
5.28,3.24406365642,-4
5.29,3.56714975515,-4
5.3,3.11460106475,-4
5.31,3.06897702514,-4
5.32,2.87591822863,-4
5.33,3.41459574585,-4
5.34,3.49711015771,-4
5.35,3.37735879595,-4
5.36,2.96662786128,-4
5.37,3.33594932994,-4
5.38,3.23602071736,-4
5.39,2.89858975849,-4
5.4,3.04611391425,-4
5.41,3.62172231016,-4
5.42,3.47325675381,-4
5.43,3.58021175156,-4
5.44,3.39421704904,-4
5.45,3.27823745471,-4
5.46,3.41852636786,-4
5.47,3.63335355279,-4
5.48,3.66351475028,-4
5.49,3.85113214637,-4
5.5,3.54648579627,-4
5.51,3.71038504653,-4
5.52,3.32406122615,-4
5.53,3.26449120723,-4
5.54,3.27284371724,-4
5.55,3.5483475633,-4
5.56,3.08543946511,-4
5.57,3.76081215864,-4
5.58,3.66324058133,-4
5.59,3.77489284986,-4
5.6,3.65515112051,-4
5.61,3.70866882572,-4
5.62,3.6167025967,-4
5.63,3.25368921331,-4
5.64,3.50304874556,-4
5.65,3.4898487539,-4
5.66,3.4854154976,-4
5.67,3.8858497764,-4
5.68,3.90329995511,-4
5.69,3.93199368333,-4
5.7,3.8776881123,-4
5.71,3.4583180152,-4
5.72,3.75362189022,-4
5.73,3.99999394226,-4
5.74,3.34010963768,-4
5.75,3.81142556949,-4
5.76,3.46334287272,-4
5.77,3.52544609137,-4
5.78,3.89685878303,-4
5.79,3.92038302239,-4
5.8,4.10034311776,-4
5.81,4.07460533767,-4
5.82,4.01898952645,-4
5.83,3.95858620641,-4
5.84,3.72077465771,-4
5.85,3.89423925106,-4
5.86,3.92070977328,-4
5.87,3.92609559838,-4
5.88,4.34390857117,-4
5.89,3.884847371,-4
5.9,3.71240138723,-4
5.91,3.74852410717,-4
5.92,4.24951763826,-4
5.93,3.60589394819,-4
5.94,3.98826265907,-4
5.95,4.04034537972,-4
5.96,4.15017606527,-4
5.97,3.87803261389,-4
5.98,3.90703692914,-4
5.99,3.73706316788,-4
6.0,3.96906296928,-4
6.01,3.69199023952,-4
6.02,4.38785493437,-4
6.03,4.20457984949,-4
6.04,3.93975933764,-4
6.05,3.81331552855,-4
6.06,4.06773531715,-4
6.07,3.93157227004,-4
6.08,4.18728906636,-4
6.09,4.02547632584,-4
6.1,3.88804696366,-4
6.11,4.01243354093,-4
6.12,3.8963331318,-4
6.13,4.37701124635,-4
6.14,4.27311809703,-4
6.15,4.19504782692,-4
6.16,4.27785730308,-4
6.17,4.15076109576,-4
6.18,3.7076795897,-4
6.19,4.23453461448,-4
6.2,4.25292773473,-4
6.21,4.02364498574,-4
6.22,4.30532576558,-4
6.23,4.18837197458,-4
6.24,3.79484798885,-4
6.25,4.50465280491,-4
6.26,3.84891001419,-4
6.27,4.08624726359,-4
6.28,3.83186839716,-4
6.29,4.27960664606,-4
6.3,4.29198558799,-4
6.31,4.32951402627,-4
6.32,4.18056313321,-4
6.33,4.25635110218,-4
6.34,4.36465235496,-4
6.35,3.92734678499,-4
6.36,4.47116297534,-4
6.37,4.54251534267,-4
6.38,4.28126136441,-4
6.39,4.36630276382,-4
6.4,4.66267338325,-4
6.41,4.29091281561,-4
6.42,4.5636432129,-4
6.43,4.68923597508,-4
6.44,4.46152254438,-4
6.45,4.51095126318,-4
6.46,4.4796286548,-4
6.47,4.41885665604,-4
6.48,4.4127396363,-4
6.49,4.64074975107,-4
6.5,4.32128990637,-4
6.51,4.70986040709,-4
6.52,3.87565963301,-4
6.53,4.51998135073,-4
6.54,4.32113357327,-4
6.55,4.53434502999,-4
6.56,4.92430570771,-4
6.57,4.77794022667,-4
6.58,4.59288779476,-4
6.59,4.68501996822,-4
6.6,4.34043693918,-4
6.61,4.87093092803,-4
6.62,4.67551309644,-4
6.63,5.00789237395,-4
6.64,4.7175369237,-4
6.65,4.44755204193,-4
6.66,4.66291614545,-4
6.67,4.5171015274,-4
6.68,4.487204824,-4
6.69,4.57941715009,-4
6.7,4.59261163031,-4
6.71,4.6860474457,-4
6.72,4.79421450227,-4
6.73,4.51958736584,-4
6.74,4.73781277382,-4
6.75,5.05310340518,-4
6.76,4.52530468073,-4
6.77,4.69202951288,-4
6.78,4.85242206353,-4
6.79,5.1180275676,-4
6.8,4.78560774964,-4
6.81,4.99636644519,-4
6.82,4.76839921936,-4
6.83,4.96400450003,-4
6.84,5.16059928668,-4
6.85,5.05209014027,-4
6.86,4.7230168793,-4
6.87,4.58516736591,-4
6.88,5.06139203536,-4
6.89,4.84907691111,-4
6.9,4.59022621281,-4
6.91,4.94167134299,-4
6.92,4.67488184585,-4
6.93,4.63476374919,-4
6.94,4.81459453285,-4
6.95,4.64362813921,-4
6.96,5.01311604103,-4
6.97,5.02018388259,-4
6.98,5.1504681389,-4
6.99,5.17487321626,-4
7.0,5.24765172759,-4
7.01,4.95243245674,-4
7.02,4.94022238227,-4
7.03,5.25293371897,-4
7.04,5.02658267119,-4
7.05,5.11149999664,-4
7.06,5.06318712515,-4
7.07,5.4540688928,-4
7.08,4.97893702937,-4
7.09,5.29721783067,-4
7.1,4.81928868439,-4
7.11,5.28391088061,-4
7.12,4.92950343311,-4
7.13,5.13458843113,-4
7.14,5.12856490394,-4
7.15,4.9673889114,-4
7.16,5.06889566886,-4
7.17,5.00607158977,-4
7.18,5.12694310652,-4
7.19,5.41216661599,-4
7.2,5.10773005726,-4
7.21,5.16421745933,-4
7.22,5.43542698312,-4
7.23,5.1038232681,-4
7.24,5.04064274492,-4
7.25,5.18176729838,-4
7.26,5.18490611015,-4
7.27,5.12871868828,-4
7.28,5.68569271493,-4
7.29,5.44140949782,-4
7.3,5.16845824541,-4
7.31,5.53255103204,-4
7.32,5.01931315759,-4
7.33,5.56799865847,-4
7.34,5.12820708153,-4
7.35,5.47993368433,-4
7.36,5.38195971069,-4
7.37,5.32252956638,-4
7.38,5.0569650634,-4
7.39,5.40409727062,-4
7.4,5.70902590679,-4
7.41,5.62230196703,-4
7.42,5.26430445511,-4
7.43,5.72707796379,-4
7.44,5.28166957812,-4
7.45,5.76163905905,-4
7.46,5.51985389593,-4
7.47,5.44825150418,-4
7.48,5.32486682214,-4
7.49,5.25661677121,-4
7.5,5.49456519874,-4
7.51,5.37389575325,-4
7.52,5.27490162811,-4
7.53,5.41278172085,-4
7.54,5.56682494267,-4
7.55,5.851438526,-4
7.56,5.39830829764,-4
7.57,5.29402578103,-4
7.58,5.7840920371,-4
7.59,5.52013296248,-4
7.6,5.74189791176,-4
7.61,5.63252234176,-4
7.62,5.83554179812,-4
7.63,5.55786545565,-4
7.64,5.53888874461,-4
7.65,5.7168714673,-4
7.66,5.49585154579,-4
7.67,5.74398591067,-4
7.68,5.65692235253,-4
7.69,5.92363172489,-4
7.7,5.87185548016,-4
7.71,6.11992241119,-4
7.72,5.60163967525,-4
7.73,5.68844324404,-4
7.74,5.94473584381,-4
7.75,5.76634777414,-4
7.76,5.56508312229,-4
7.77,5.91381238136,-4
7.78,5.88547824115,-4
7.79,5.86672929934,-4
7.8,6.17446932861,-4
7.81,5.67630258981,-4
7.82,5.58417873426,-4
7.83,5.95715212503,-4
7.84,6.07583601601,-4
7.85,6.2744804705,-4
7.86,5.94488098242,-4
7.87,5.99847173466,-4
7.88,5.88648165177,-4
7.89,5.82441553004,-4
7.9,6.06173549846,-4
7.91,6.147774286,-4
7.92,5.8136848777,-4
7.93,6.06638723814,-4
7.94,6.10142006397,-4
7.95,6.32553070296,-4
7.96,6.15495166208,-4
7.97,5.8405578188,-4
7.98,5.76700393127,-4
7.99,5.99224626109,-4
8.0,5.75591517376,-4
